County Name,State,Population (as of July 1 2019),No. of Cases (as of July 22nd),Percentage of Cases per population,Number of liscenced hospital beds,Employment as of december 2019,Average Per capita income,Avg. Temp. (April in Farenheit) ,Avg Temp. (May in Farenheit),Avg. Temp. (June in Farenheit),Percentage of Hispanic ,Hispanic Population,Percentage of Black/African American pop./total pop.,Black/African American Population,Percentage of Asians,Asian Population,Percent of population in poverty,Percentage of Jobs: Retail,Jobs: retail,Percentage of Pet ownership,Testing facilites for COVID,No. of Airports,Health Insurance: Percent of population of kids (under 19),Health Insurance: population of kids (under 19),Average household size
Anchorage Muncipality,AK,288000,1082,0.3756944444,1152,"16,653","66,510",31.2,70.5,78,9.372222222,26992,8.486458333,24441,9.982986111,28751,9.50%,5.78229,"16,653",,6,17,23.73506944,68357,2.71
Fairbanks North Star Borough,AK,"96,849",331,0.3417691458,175,"4,746","56,606",29.1,45.3,48.1,8.196264288,7938,7.026401925,6805,3.389813008,3283,8.60%,4.92003,4765,,0,36,23.32703487,22592,2.61
Kenai Peninsula Borough,AK,"58,708",255,0.4343530694,77,"2,439","52,015",33.4,48.8,55,4.268583498,2506,1.393336513,818,1.858349799,1091,12.40%,4.15446,2439,,0,28,20.90856442,12275,2.6
Bristol Bay Borough,AK,,,,,,,,,,,,,,,,,,,,,,,,
Kodiak Island Borough,AK,12998,1124,8.647484228,25,466,63938,38.6,43.4,48.1,8.639790737,1123,2.108016618,274,21.94183721,2852,8.20%,3.58517,466,,0,10,23.28819818,3027,3.05
Autauga County,AL,"55,917",886,1.5844913,85,"1,663","41,618",63.2,70.9,78.4,2.988357745,1671,21.07409196,11784,1.173167373,656,13.80%,2.97405,1663,59.80%,10,1,23.94799435,13391,2.59
Covington County,AL,"36,802",624,1.695560024,187,"1,811","35,651",66,71.8,79,1.866746372,687,13.55361122,4988,0.5054073148,186,19.90%,4.92093,1811,59.80%,10,2,21.88468018,8054,2.44
Crenshaw County,AL,"13,750",210,1.527272727,93,251,"36,645",64.3,70.4,77.8,2.421818182,333,25.27272727,3475,1.105454545,152,19.50%,1.82545,251,59.80%,11,1,22.47272727,3090,2.73
Fayette County,AL,"16,474",129,0.7830520821,61,509,"34,966",60,67.9,76,2.033507345,335,12.62595605,2080,0.4734733519,78,23.50%,3.08972,509,59.80%,8,2,21.00886245,3461,2.34
Geneva County,AL,"26,271",161,0.6128430589,83,509,"35,192",67.1,72.4,79.7,4.168094096,1095,10.33839595,2716,0.3501960336,92,21.30%,3.00712,790,59.80%,9,6,21.82634845,5734,2.5
Jefferson County,AL,"658,573","9,400",1.427328481,4159,"38,452","54,730",60.1,44.2,49.3,4.080489179,26873,44.21711792,291202,1.789626966,11786,17%,5.83868,"38,452",59.80%,2,5,22.76649665,149934,2.47
Madison County,AL,"372,909",3792,1.016870067,1061,"22,896","51,445",57.5,65.1,74.7,5.189469817,19352,26.16134231,97558,2.675719814,9978,13.20%,6.13984,"22,896",59.80%,9,11,21.72942997,81031,2.4
Mobile County,AL,"413,210","6,473",1.566515815,1930,"20,556","38,243",67.9,68.1,76.3,3.011301759,12443,37.16149174,153555,2.071343869,8559,19.28%,4.97471,"20,556",59.80%,0,11,23.3711672,96572,2.6
Montgomery County,AL,"226,486","5,397",2.382928746,1069,"12,752","43,688",64,73.1,80.1,3.684112925,8344,60.24080959,136437,3.277906802,7424,20.10%,5.63037,12752,59.80%,1,5,22.93784163,51951,2.45
Columbia County,AR,,,,,,,,,,,,,,,,,,,,,,,,
Ashley County,AR,,,,,,,,,,,,,,,,,,,,,,,,
Benton County,AR,"279,141","3,985",1.42759394,342,"12,683","88,890",55.4,62.3,75.2,17.06306132,47630,2.711532881,7569,4.165636721,11628,8.60%,4.54358,12683,69%,11,15,25.49070183,71155,2.72
Pulaski County,AR,"391,911","3,923",1.000992572,4324,"25,673","51,185",59,67.3,76.7,6.249633208,24493,39.16297323,153484,2.259441557,8855,17.03%,6.55072,25673,69%,9,9,23.01032632,90180,2.46
Sebastian County,AR,"127,827","1,214",0.9497211074,1081,"7,979","42,110",58.8,66.4,77.3,14.7566633,18863,8.514633059,10884,4.740000156,6059,15.60%,6.24203,7979,69%,9,2,23.29320097,29775,2.48
Washington County,AR,"239,187","5,350",2.236743636,990,"12,822","40,247",55.5,62.4,74.7,17.14098174,40999,4.762382571,11391,2.632668163,6297,15.20%,5.36066,12822,69%,9,4,23.59367357,56433,2.57
Navajo County,AZ,,,,,,,,,,,,,,,,,,,,,,,,
Mohave County,AZ,,,,,,,,,,,,,,,,,,,,,,,,
Apache County,AZ,"71,887",2797,3.890828662,162,999,"34,355",50.5,61,68.6,6.588117462,4736,1.192148789,857,0.4799198742,345,37.30%,1.38968,999,58%,9,4,24.04329016,17284,3.44
Gila County,AZ,"54,018",600,1.110740864,50,"1,775","40,267",59.4,69.8,75.4,18.91221445,10216,1.190343959,643,0.9052538043,489,20.40%,3.28594,1775,58%,10,5,18.52160391,10005,2.42
Greenlee County,AZ,"9,498",39,0.4106127606,,214,"39,855",56.1,66.7,73.4,47.65213729,4526,3.032217309,288,0.8317540535,79,10.50%,2.25311,214,58%,10,2,26.75300063,2541,2.92
Maricopa County,AZ,"4,485,414","100,543",2.241554514,11544,"239,749","47,694",69.2,81,86,31.40969819,1408855,7.70348066,345533,4.630809999,207711,14.73%,5.34508,239749,58%,10,38,22.34382378,1002213,2.76
Pima County,AZ,"1,047,279","13,990",1.335842693,3727,"43,601","44,028",66.3,77.2,82.4,37.75937453,395446,5.322172984,55738,3.349155287,35075,17.78%,4.16326,43601,58%,11,10,19.74440431,206779,2.47
Yavapai County,AZ,"235,099","1,463",0.6222910348,385,"9,823","40,312",57.2,68.7,74.5,14.7346437,34641,1.429610505,3361,1.252663771,2945,13.20%,4.17824,9823,58%,5,17,14.8750101,34971,2.29
Alameda County,CA,"1,671,329","9,643",0.5769659953,3464,"73,182","76,644",57.6,65.1,69.5,22.32085963,373055,12.82763597,214392,32.33301163,540391,10.57%,4.37867,73182,40.10%,7,4,21.16608998,353755,2.81
Contra Costa County,CA,"1,153,526",6202,0.5376558482,1696,"43,141","82,506",58.9,66.9,71.4,26.04362624,300420,11.24352637,129697,18.30197152,211118,9.12%,3.73992,43141,40.10%,10,4,23.18569326,267453,2.86
Fresno County,CA,"999,101","11,412",1.142226862,1902,"40,577","43,084",53,61.8,67.9,53.76633594,537180,6.828338676,68222,11.14531964,111353,24.13%,4.06135,40577,40.10%,9,24,27.94822545,279231,3.16
Los Angeles County,CA,"10,039,107","164,870",1.642277545,24753,"436,276","62,224",58.6,66.6,70.3,48.62952452,4881970,9.977182233,1001620,15.39424772,1545445,15.98%,4.34577,436276,40.10%,10,21,21.84353648,2192896,3
Santa Clara County,CA,"1,927,852","8,321",0.4316202696,4382,"86,104","107,877",56.5,63.5,68.2,25.01737685,482298,3.707027303,71466,39.01959279,752240,7.92%,4.46632,86104,40.10%,11,5,22.96400346,442712,2.97
Solano County,CA,"447,643",2982,0.6661558429,1519,"18,797","51,664",60.9,67.7,72.9,27.27687018,122103,17.65737429,79042,16.15528446,72318,10.38%,4.19911,18797,40.10%,9,5,22.51548667,100789,2.87
Arapahoe County,CO,"656,590","6,197",0.9438157754,1241,"34,323","60,180",44.9,58.4,70,19.75068155,129681,13.59295755,89250,6.555993847,43046,9.01%,5.22746,34323,47.20%,10,10,22.99166908,150961,2.66
Denver County,CO,"727,211","8,650",1.189475957,3071,"32,695","79,849",46,60,70.7,29.2877858,212984,11.30648464,82222,4.081896451,29684,10.92%,4.49594,32695,47.20%,10,1,18.70227486,136005,2.31
El Paso County,CO,"720,403","3,786",0.5255391774,1412,"32,395","48,467",44.5,57,67.4,17.73257468,127746,9.051183851,65205,3.146849749,22670,10.91%,4.49679,32395,47.20%,7,16,23.47783116,169135,2.64
Jefferson County,CO,"582,881","3,395",0.5824516497,641,"30,060","63,536",41,54,63.5,15.58843057,90862,2.169224936,12644,3.09840259,18060,7.38%,5.15714,30060,47.20%,10,3,19.87626977,115855,2.44
Larimer County,CO,"310,000","1,158",0.3735483871,742,"19,883","54,188",38.2,50,59.3,13.71774194,42525,2.284193548,7081,2.741612903,8499,10.50%,6.41387,19883,47.20%,11,11,22.29387097,69111,2.46
New Haven County,CT,"854,757",12825,1.500426437,1721,"42,678","56,650",45.4,56.8,69.4,19.14181457,163616,16.88713868,144344,4.330002562,37011,11.87%,4.99300,42678,49.90%,10,3,20.61860856,176239,2.52
New London County,CT,"265,206",1352,0.5097923878,419,"14,596","59,264",44.4,56.4,68.4,11.10193585,29443,9.170607,24321,4.325316923,11471,9.80%,5.50365,14596,49.90%,6,9,19.92451151,52841,2.39
Tolland County,CT,"150,721",937,0.6216784655,209,"4,367","56,614",43.7,56.2,67.9,5.879074582,8861,4.861963495,7328,5.048400687,7609,8%,2.89741,4367,49.90%,9,3,18.12819713,27323,2.46
Windham County,CT,"116,782",655,0.5608741073,144,"5,031","47,264",43.5,56.1,67.6,12.4471237,14536,4.487849155,5241,1.489955644,1740,11.70%,4.30803,5031,49.90%,9,11,20.11097601,23486,2.5
Sussex County,DE,,,,,,,,,,,,,,,,,,,,,,,,
Kent County,DE,,,,,,,,,,,,,,,,,,,,,,,,
New Castle County,DE,"558,753","6,231",1.115161798,2156,"30,456","56,745",51.1,60.1,73.1,10.41605146,58200,28.21461361,157650,5.786277658,32331,11.43%,5.45071,30456,57.90%,8,6,21.48713295,120060,2.64
Broward County,FL,"1,952,778","43,747",2.240244411,6026,"113,772","50,269",79,77.9,82.5,31.08300073,606982,31.82379154,621448,3.872278364,75617,13.49%,5.82616,113772,56%,9,4,20.11396073,392781,2.65
Duval County,FL,"957,755",17979,1.877202416,3456,"57,495","46,174",70.6,74.6,79.3,10.51792995,100736,32.44932159,310785,4.997311421,47862,15.47%,6.00310,57495,56%,10,8,21.36851282,204658,2.55
Hillsborough County,FL,"1,471,968","24,891",1.691001435,4471,"76,252","47,000",74.9,77.7,83,29.68108002,436896,19.69295528,289874,4.448330398,65478,15.31%,5.18028,76252,56%,9,9,21.31588458,313763,2.63
Miami-Dade County,FL,"2,716,940","92,345",3.398860483,7842,"148,228","50,022",80,78.6,83.2,69.42972609,1886364,18.577775,504747,1.62355444,44111,18.04%,5.45570,148228,56%,9,,19.64342238,533700,3.07
Palm Beach County,FL,"1,496,770","27,506",1.837690494,4440,"81,500","79,760",77.8,77.4,81.8,23.35589302,349584,20.97877429,314004,2.944607388,44074,12.82%,5.44506,81500,56%,10,12,18.09369509,270821,2.6
Pinellas County,FL,"974,996",14191,1.455493151,3874,"54,472","53,455",75,77.9,83.2,10.19573414,99408,12.30743511,119997,3.568322332,34791,13.05%,5.58689,54472,56%,9,3,15.70909009,153163,2.31
Chatham County,GA,"289,430",3723,1.28632139,1569,"19,784","47,563",67.1,73.6,79.7,6.681062779,19337,42.58300798,123248,2.947863041,8532,14.40%,6.83550,19784,51.50%,10,3,20.00138203,57890,2.54
Cobb County,GA,"760,141","8,966",1.17951801,1346,"42,740","57,162",58.7,66,74.6,13.30305825,101122,30.45737567,231519,5.5990928,42561,10.01%,5.62264,42740,51.50%,9,2,22.5673921,171544,2.65
DeKalb County,GA,"759,297","10,203",1.343742962,2383,"35,166","50,871",59.4,66.4,74.9,8.528546801,64757,56.22793189,426937,6.470853961,49133,16.58%,4.63139,35166,51.50%,10,0,21.48566371,163140,2.63
Fulton County,GA,"1,063,937","14,169",1.331751786,4682,"64,849","84,386",59.2,66.3,74.8,7.215934778,76773,45.81098317,487400,7.603457724,80896,15.10%,6.09519,64849,51.50%,10,3,20.59746019,219144,2.47
Gwinnett County,GA,"936,250","14,099",1.505901202,848,"50,697","41,458",58.8,65.3,74,21.74878505,203623,31.60021362,295857,12.54622163,117464,11.37%,5.41490,50697,51.50%,9,2,25.14606142,235430,3.11
Whitfield County,GA,"104,628",2410,2.303398708,282,"5,245","38,752",57.6,65.3,74.9,36.33253049,38014,5.294949727,5540,1.639140574,1715,14.20%,5.01300,5245,51.50%,9,2,23.53480904,24624,2.84
Hawaii County,HI,"201,513",114,0.05657203257,333,"9,940","42,449",,,,12.90189715,25999,2.531846581,5102,21.23237707,42786,16%,4.93268,9940,,8,11,21.85814315,44047,2.84
Honolulu County,HI,"974,563",1117,0.1146154738,772,"48,778","59,608",,,,9.982012451,97281,4.268990306,41604,42.93565424,418435,7.70%,5.00512,48778,,9,5,21.60004022,210506,3.05
Kauai County,HI,,,,,,,,,,,,,,,,,,,,,,,,
Maui County,HI,"167,417",139,0.08302621598,247,"10,104",49040*,,,,11.56991226,19370,1.808060113,3027,29.00541761,48560,8.60%,6.03523,10104,,8,7,21.85680068,36592,2.99
Benton County,,,,,,,,,,,,,,,,,,,,,,,,,
Adair County,IA,"7,152",20,,25,357,"51,989",48.2,58,74,2.544742729,182,1.146532438,82,0.5313199105,38,9.70%,4.99161,357,59.40%,10,2,21.02908277,1504,2.22
Adams County,IA,"3,602",12,,22,,"66,319",48.6,58.5,74.2,1.443642421,52,0.8328706274,30,0.6940588562,25,12.70%,,,59.40%,10,1,20.98833981,756,2.19
Allamakee County,IA,"13,687",143,,25,558,"45,745",43.7,56,69.3,7.108935486,973,1.950756192,267,0.4602907869,63,11.70%,4.07686,558,59.40%,8,1,23.06568276,3157,2.27
Appanoose County,IA,"12,426",34,,45,601,"38,478",49.8,58.9,73.3,2.237244487,278,1.625623692,202,0.6840495735,85,15.20%,4.83663,601,59.40%,10,1,21.9378722,2726,2.28
Ada County,ID,"481,587","6,423",1.333715403,1351,"29,136","52,958",50.6,58.7,64.2,8.522862951,41045,2.15765791,10391,2.726610145,13131,10.97%,6.05000,29136,69.90%,9,12,23.67900296,114035,2.59
Bonneville County,ID,"119,062",394,0.3309200249,420,"8,053","48,287",39.3,50.1,55.9,13.38798273,15940,1.280005375,1524,1.140582218,1358,10.60%,6.76370,8053,69.90%,8,3,29.63833969,35288,2.84
Canyon County,ID,"229,849","3,598",1.565375529,343,"8,683","32,680",51.6,59.8,65.5,25.64596757,58947,1.373510435,3157,1.06809253,2455,11.50%,3.77770,8683,69.90%,10,11,26.40255124,60686,2.95
Kootenai County,ID,"165,697","1,161",0.7006765361,434,"8,994","44,987",44,51.8,57.6,4.940342915,8186,0.8998352414,1491,0.9215616457,1527,10.30%,5.42798,8994,69.90%,8,11,21.81210281,36142,2.51
Cook County,IL,"5,150,233","100,124",1.944067385,19529,"236,336","62,205",46.8,58.4,71.7,25.61598669,1319283,24.7897134,1276728,7.90573941,407164,15.14%,4.58884,236336,48.60%,10,4,21.76926753,1121168,2.61
DuPage County,IL,"922,921","10,531",1.141051076,1928,"59,743","72,889",46.8,58.6,71.7,14.57437852,134510,6.067691601,56000,12.73207566,117507,6.77%,6.47325,59743,48.60%,9,0,23.36754717,215664,2.69
Lake County,IL,"696,535","11,079",1.590587695,1119,"41,197","78,559",44.9,56.8,69.9,22.43562779,156272,8.4277172,58702,8.445806743,58828,8.26%,5.91456,41197,48.60%,10,6,24.70959823,172111,2.8
Will County,IL,"690,743","7,845",1.135733551,1023,"31,554","52,953",46.9,58.7,72.5,18.15074492,125375,13.24153846,91465,6.045084786,41756,7%,4.56812,31554,48.60%,11,8,25.49906405,176133,2.98
Winnebago County,IL,"282,572",3386,1.198278669,988,"15,083","43,742",46.2,58.2,71.4,13.51160058,38180,15.83773339,44753,2.835383548,8012,16.10%,5.33775,15083,48.60%,11,14,23.39474541,66107,2.46
Johnson County,KS,"602,401",4158,0.690237898,1933,874,"74,010",53,61.9,77,7.922131603,47723,6.147400154,37032,5.351252737,32236,5.58%,0.14509,874,62.80%,8,7,24.62927518,148367,2.57
Sedgwick County,KS,"516,042",3368,0.6526600548,2918,"28,417","53,776",55.2,63.5,79.7,15.04528701,77640,11.32814771,58458,4.583735432,23654,13.96%,5.50672,28417,62.80%,9,23,24.87995163,128391,2.58
Shawnee County,KS,"176,875",1237,0.6993639576,1263,"9,192","46,861",53.4,62.4,78,12.8175265,22671,11.1044523,19641,1.562120141,2763,13.90%,5.19689,9192,62.80%,10,5,23.46233216,41499,2.41
Wyandotte County,KS,"165,429",3937,2.379872936,1376,"7,827","33,315",52.8,62.2,77.4,29.84120076,49366,24.61297596,40717,5.430124102,8983,18.40%,4.73133,7827,62.80%,10,0,26.13145216,43229,2.72
Boone County,KY,"133,581",871,0.6520388379,271,"10,860","48,004",51.4,60.9,73.2,4.387600033,5861,4.885425322,6526,2.419505768,3232,6.40%,8.12990,10860,64.10%,8,5,26.08379934,34843,2.76
Fayette County,KY,"323,152",2205,0.6823414368,2185,"21,895","50,180",50.7,61,71.5,7.414467495,23960,17.30393128,55918,4.142942021,13388,14.60%,6.77545,21895,64.10%,9,3,20.74874981,67050,2.38
Jefferson County,KY,"766,757",5519,0.7197847558,3094,"45,723","51,937",53.2,63.3,74.3,5.915172604,45355,24.06785983,184542,3.041641615,23322,14.78%,5.96317,45723,64.10%,9,3,22.07166025,169236,2.42
Kenton County,KY,"166,998",1100,0.6586905232,707,"5,649","57,982",51.3,60.9,72.9,3.435370483,5737,6.373130217,10643,1.302410807,2175,10.40%,3.38268,5649,64.10%,9,1,23.71345765,39601,2.55
East Baton Rouge Parish,LA,"440,059",8919,2.026773683,2632,"27,364","51,386",68.1,73.9,80,4.403954924,19380,48.07332653,211551,3.395681034,14943,18.27%,6.21826,27364,54.40%,10,4,22.58060851,99368,2.62
Jefferson Parish,LA,"432,493",12812,2.962360084,2259,"1,258","51,005",70.4,76.3,81.8,14.91977905,64527,29.19076147,126248,4.26966448,18466,15.46%,6.30438,27266,54.40%,8,11,21.84798367,94491,2.56
Orleans Parish,LA,"390,144",9586,2.457041503,2209,"14,771","52,004",69.6,75.3,81.2,5.506684711,21484,61.14050197,238536,2.926868028,11419,24.58%,3.78604,14771,54.40%,11,1,19.71169619,76904,2.44
St. Tammany Parish,LA,"260,419",3954,1.518322396,1122,"13,767","62,366",68.4,73.8,80,5.881291304,15316,13.71520511,35717,1.46648286,3819,11.80%,5.28648,13767,54.40%,8,8,23.88496999,62201,2.72
Barnstable County,MA,"212,990",1644,0.7718672238,430,"14,941","74,756",43.5,54.6,66.3,3.396873093,7235,4.478144514,9538,1.590685009,3388,8%,7.01488,14941,49.10%,9,6,15.55284286,33126,2.24
Berkshire County,MA,"124,944",626,0.501024459,323,"7,698","56,503",40.9,54,64.7,5.139902676,6422,5.135900884,6417,1.666346523,2082,11.30%,6.16116,7698,49.10%,8,6,17.17489435,21459,2.18
Bristol County,MA,"565,217",8761,1.55002415,1207,"33,801","54,089",43.8,56.9,69,8.592805949,48568,7.548782149,42667,2.469317094,13957,11.49%,5.98018,33801,49.10%,10,6,21.00839147,118743,2.51
Dukes County,MA,"17,332",64,0.3692591738,25,"1,228","93,726",43.4,54.9,66.5,3.87145165,671,6.237018232,1081,1.090468498,189,7.70%,7.08516,1228,49.10%,9,3,17.86868221,3097,2.68
Anne Arundel County,MD,"579,234","6,105",1.053978185,634,"33,251","67,363",53.9,62.6,75.5,8.424574524,48798,20.09205261,116380,4.218847651,24437,6%,5.74051,33251,48.60%,7,6,22.25939776,128934,2.65
Baltimore County,MD,"827,379","10,153",1.227128076,6249,"46,298","61,556",51,60.6,72.8,5.810396445,48074,32.00443811,264798,6.317056633,52266,9.24%,5.59574,46298,48.60%,10,4,21.57064658,178471,2.58
Montgomery County,MD,"1,050,688","16,593",1.579250929,2166,"44,632","89,690",51.5,60.8,72.6,20.06047466,210773,21.81427788,229200,15.59406789,163845,6.90%,4.24788,44632,48.60%,8,3,23.37135287,245560,2.79
Prince George's County,MD,"909,327","20,958",2.304781448,785,"39,770","49,420",53.5,62.1,74.6,19.54489419,177727,66.47333687,604460,4.416563019,40161,8.87%,4.37356,39770,48.60%,9,6,21.80744661,198301,2.87
Androscoggin County,ME,"108,277",515,0.475631944,483,"6,612","41,528",40.9,54,64.6,1.939470063,2100,5.675258827,6145,0.9364869732,1014,12.30%,6.10656,6612,63.50%,8,8,20.82621425,22550,2.29
Aroostook County,ME,"67,055",31,0.04623070614,228,"3,726","41,241",35.5,49.6,62,1.35112967,906,1.585265827,1063,0.5115203937,343,15.30%,5.55663,3726,63.50%,9,12,16.85929461,11305,2.23
Cumberland County,ME,"295,003",1986,0.6732134927,1121,"22,559","62,523",41.4,54.2,65.3,2.157944157,6366,3.939620953,11622,2.392179063,7057,8.20%,7.64704,22559,63.50%,7,12,18.65777636,55041,2.36
Knox County,ME,,,,,,,,,,,,,,,,,,,,,,,,
Hancock County,ME,,,,,,,,,,,,,,,,,,,,,,,,
Alpena County,MI,"28,405",125,0.4400633691,124,"1,858","40,985",38.8,50.9,64.9,1.499735962,426,1.105439183,314,0.5914451681,168,15.30%,6.54110,1858,62.40%,7,1,18.45097694,5241,2.21
Antrim County,MI,"23,324",31,0.132910307,,533,"47,070",38.8,51.4,64.6,2.508146116,585,0.8960727148,209,0.3301320528,77,10.60%,2.28520,533,62.40%,10,5,17.77996913,4147,2.34
Arenac County,MI,"14,883",39,0.2620439428,25,654,"37,369",41.5,54,66.8,2.035879863,303,1.142242827,170,0.3090774709,46,15.90%,4.39428,654,62.40%,7,0,18.07431297,2690,2.24
Baraga County,MI,"8,209",5,0.06090875868,15,162,"33,519",34,49.5,62,1.656718236,136,8.929224022,733,0.4019978073,33,15.40%,1.97344,162,62.40%,8,0,17.85844804,1466,2.37
Aitkin County,MN,"15,886",22,0.1384867179,25,540,"39,780",38.3,52,65.2,1.422636284,226,1.258970162,200,0.2958579882,47,13.70%,3.39922,540,54%,9,6,16.10852323,2559,2.02
Anoka County,MN,"356,921",2790,0.7816855831,746,"16,372","51,258",43.2,57,70.7,4.866623146,17370,8.811753861,31451,4.975610849,17759,6.09%,4.58701,16372,54%,8,4,23.84589307,85111,2.72
Becker County,MN,"34,423",85,0.2469279261,87,"1,802","47,272",38.1,52.6,67.5,2.268831886,781,1.173633908,404,0.540336403,186,11.10%,5.23487,1802,54%,9,3,23.74284635,8173,2.47
Beltrami County,MN,"47,188",115,0.243706027,134,"2,980","41,565",36.9,52,65.2,2.576926337,1216,1.741968297,822,0.756548275,357,18.40%,6.31516,2980,54%,8,6,23.84716453,11253,2.54
Atchison County,MO,"5,143",7,0.1361073304,18,174,"42,633",50.8,60.7,76.3,1.47773673,76,1.127746451,58,0.3888780867,20,11.80%,3.38324,174,63.50%,9,3,19.17168968,986,2.06
Audrain County,MO,"25,388",168,0.6617299512,70,"1,031","40,111",51.5,61.4,74.2,3.261383331,828,8.121947377,2062,0.5317472822,135,16.70%,4.06097,1031,63.50%,9,2,21.42744604,5440,2.55
Barry County,MO,"35,789",173,0.4833887507,43,"1,547","34,540",54.4,61.8,74.7,9.938808014,3557,1.117661851,400,2.425326218,868,18.80%,4.32256,1547,63.50%,9,7,20.78851044,7440,2.66
Barton County,MO,"11,754",51,0.4338948443,25,409,"35,884",54.2,62.2,76.8,2.875616811,338,1.352730985,159,0.561510975,66,17.60%,3.47967,409,63.50%,10,3,22.32431513,2624,2.37
Attala County,MS,"15,886",432,2.719375551,25,703,"33,809",60.4,68.7,77,2.297620546,365,50.61060053,8040,0.4972932142,79,23.70%,4.42528,703,63.50%,8,1,28.55344328,4536,2.56
Benton County,MS,"40,889",84,0.2054342244,,,"30,285",57.9,66.9,75.6,0.5331507251,218,7.407860305,3029,0.01956516423,8,22.10%,,,63.50%,8,2,4.309227421,1762,2.69
Bolivar County,MS,"30,628",634,2.070001306,164,"1,614","38,213",61.8,70.7,78.8,2.23325062,684,64.17004049,19654,1.129685255,346,29.40%,5.26969,1614,63.50%,9,8,24.25884811,7430,2.55
Calhoun County,MS,"14,361",303,2.109880928,25,419,"33,043",59.8,69,77.2,6.280899659,902,29.32247058,4211,0.160155978,23,21.30%,2.91762,419,63.50%,10,3,22.28953416,3201,2.47
Brunswick County,NC,"142,820",992,0.694580591,139,"5,313","42,749",61.6,67.8,75.7,4.930681977,7042,10.94454558,15631,0.7491947906,1070,10.50%,3.72007,5313,58.60%,11,4,14.18568828,20260,2.32
Buncombe County,NC,"261,191",1248,0.4778112569,1128,"17,389","48,592",51.7,58.1,67.5,6.841736507,17870,7.435937685,19422,1.423096508,3717,11.50%,6.65758,17389,58.60%,10,2,17.96616269,46926,2.31
Burke County,NC,"90,485",1360,1.503011549,746,"2,904","35,265",55.2,60.6,71.6,6.470685749,5855,7.905177654,7153,3.632646295,3287,14%,3.20937,2904,58.60%,7,2,18.2173841,16484,2.5
Cabarrus County,NC,"216,453",2028,0.9369239512,457,"12,450","45,220",58.6,64.1,74.7,11.10356521,24034,21.22631703,45945,4.741445025,10263,9%,5.75183,12450,58.60%,9,12,25.04146397,54203,2.76
Cass County,ND,"181,923",2715,1.492389637,1291,"13,140","56,070",39.1,53.5,70,2.822622758,5135,7.122793709,12958,3.372855549,6136,10.40%,7.22284,13140,63.70%,6,26,22.01810656,40056,2.28
Cavalier County,ND,"3,762",25,0.6645401382,20,131,"68,040",34.5,51,65.7,1.435406699,54,0.8506113769,32,0.4253056885,16,10.60%,3.48219,131,63.70%,9,3,21.66400851,815,2.14
Dickey County,ND,"4,872",8,0.1642036125,20,233,"52,437",38.8,52.3,69.3,3.448275862,168,1.498357964,73,0.5952380952,29,11.10%,4.78243,233,63.70%,8,3,23.37848933,1139,2.18
Divide County,ND,"2,264",1,0.04416961131,15,64,"48,574",36.5,52.4,63.7,2.871024735,65,2.208480565,50,1.855123675,42,10%,2.82686,64,63.70%,7,3,20.75971731,470,2.02
Antelope County,NE,"6,298",17,0.2699269609,23,254,"46,981",45.7,55.6,73.8,3.413782153,215,0.6986344871,44,0.5080978088,32,12.60%,4.03303,254,51.30%,9,3,22.62623055,1425,2.35
Arthur County,NE,463,0,0,,,"46,901",43.7,56.1,71.9,4.319654428,20,0.8639308855,4,0.2159827214,1,12.90%,,,51.30%,10,0,22.67818575,105,2.17
Banner County,NE,745,2,0.2684563758,,,"58,252",41.9,54.9,68.8,5.771812081,43,1.610738255,12,0.2684563758,2,12.50%,,,51.30%,9,0,21.20805369,158,2.49
Blaine County,NE,465,0,0,,,"45,788",45.8,55.3,72.7,1.505376344,7,0.8602150538,4,0,0,16.20%,,,51.30%,8,1,18.70967742,87,2.2
Belknap County,NH,"61,303",98,0.1598616707,137,"5,187","61,091",40.8,55.4,65.8,1.787840726,1096,1.24137481,761,1.153287767,707,6.90%,8.46125,5187,51.80%,7,4,18.41182324,11287,2.41
Carroll County,NH,"48,910",76,0.1553874463,50,"3,575","58,949",39.6,53.7,63.8,1.639746473,802,1.048865263,513,0.7646698017,374,9%,7.30934,3575,51.80%,8,5,15.63075036,7645,2.24
Cheshire County,NH,"76,085",80,0.1051455609,169,"5,302","51,969",41.7,54.5,65.4,1.978050864,1505,1.457580338,1109,1.699415128,1293,10.20%,6.96852,5302,51.80%,9,4,18.06532168,13745,2.37
Coos County,NH,"31,563",14,0.04435573298,66,"1,680","43,098",35.5,50.4,60.1,1.900959985,600,1.31166239,414,0.6336533283,200,13.10%,5.32269,1680,51.80%,8,6,16.04727054,5065,2.16
Atlantic County,NJ,"263,670",3161,1.198847044,557,"15,185","48,668",50,59.4,72.7,19.39128456,51129,18.79546403,49558,8.071452953,21282,12.80%,5.75909,15185,47.70%,7,5,21.12868358,55710,2.63
Bergen County,NJ,"932,202",20099,2.15607776,2874,"51,938","85,951",48.1,59,71.9,21.02516407,195997,8.440552584,78683,16.95126164,158020,7.03%,5.57154,51938,47.70%,9,1,21.69572689,202248,2.72
Burlington County,NJ,"445,349",5490,1.232741064,909,"24,495","62,120",50.1,59.9,73.1,8.533981215,38006,20.23895866,90134,5.415528047,24118,6.48%,5.50018,24495,47.70%,10,10,21.2366032,94577,2.63
Camden County,NJ,"506,471",7888,1.557443565,2050,"25,503","54,103",50.7,60.5,73.7,17.58165818,89046,23.38633406,118445,6.000540998,30391,12.56%,5.03543,25503,47.70%,8,1,22.71916852,115066,2.67
Bernalillo County,NM,"679,121",4005,0.5897329047,1981,"35,981","44,057",54.2,65.5,72,50.3042904,341627,4.724783949,32087,2.905962266,19735,17.42%,5.29817,35981,60.10%,11,2,21.72470002,147537,2.52
Catron County,NM,"3,527",4,0.1134108307,,80,"32,010",47.9,58.3,64.9,18.99631415,670,1.559398923,55,0.2551743692,9,23.30%,2.26822,80,60.10%,9,13,12.1633116,429,2.46
Chaves County,NM,"64,615",229,0.3544068715,232,"2,944","40,322",60.1,71.6,78.9,57.84415383,37376,3.033351389,1960,1.193221388,771,18.90%,4.55622,2944,60.10%,7,4,25.25110269,16316,2.74
Cibola County,NM,"26,675",278,1.042174321,31,782,"28,130",48.4,60.3,67.7,38.46672915,10261,2.069353327,552,0.5810684161,155,28.60%,2.93158,782,60.10%,11,3,22.95032802,6122,2.84
Churchill County,NV,"24,909",36,0.1445260749,40,"1,034","43,661",49.8,59.1,65.9,14.47669517,3606,3.837970212,956,2.998916054,747,11.40%,4.15111,1034,53.30%,9,6,20.71540407,5160,2.39
Clark County,NV,"2,266,715",33057,1.458365961,6897,"114,503","47,090",62.5,74.3,80.3,31.64394289,717278,15.02548843,340585,10.35652916,234753,14.15%,5.05150,114503,53.30%,10,14,21.84663709,495201,2.76
Douglas County,NV,"48,905",109,0.222881096,23,"2,272","75,159",46.8,54.5,61.1,13.18270116,6447,1.599018505,782,1.870974338,915,7.20%,4.64574,2272,53.3%53.3%,9,3,15.39924343,7531,2.31
Elko County,NV,"52,778",343,0.6498920005,75,"2,465","46,808",43,52.3,57.8,24.66558036,13018,1.88525522,995,1.237257948,653,8.30%,4.67051,2465,53.30%,4,13,25.51631362,13467,2.91
Humboldt County,NV,"16,831",91,0.5406690036,53,932,"46,927",47.9,56.2,62.3,27.5444121,4636,2.002257739,337,0.9090368962,153,11.90%,5.53740,932,53.30%,4,5,24.56182045,4134,2.66
Washoe County,NV,"471,519",4332,0.9187328612,1744,"25,129","59,639",47.8,55.4,62,25.00090134,117884,3.933457613,18547,5.756501859,27143,12.17%,5.32937,25129,53.30%,0,10,19.95083973,94072,2.5
Bronx County,NY,"1,418,207","49,017",3.456265552,3127,"32,139","37,376",49.1,59.5,73.4,56.37963993,799580,46.78964354,663574,4.561111319,64686,29.05%,2.26617,32139,49.70%,5,0,24.49607145,347405,2.79
Kings County,NY,"2,559,903","61,662",2.408763145,5838,"79,536","52,192",49.3,59.6,73.4,18.89442686,483679,35.48443046,908367,12.66411266,324189,21.14%,3.10699,79536,49.70%,6,0,22.77203472,582942,2.69
New York County,NY,"1,628,706","29,943",1.838453349,8860,"164,272","193,940",49.4,59.8,73.6,25.58835051,416759,19.84471108,323212,12.84621043,209227,16.61%,10.08604,164272,49.70%,9,0,14.32695649,233344,2.07
Queens County,NY,"2,253,858","67,265",2.984438239,3210,"64,383","49,777",48.9,59,72.9,28.17098504,634934,22.51197724,507388,26.9030702,606357,12.99%,2.85657,64383,49.70%,5,2,20.32381809,458070,2.91
Suffolk County,NY,"1,476,601",42621,2.886426326,3941,"80,766","68,617",45.9,56.3,69.4,20.21053758,298429,10.02437354,148020,4.227614637,62425,7.12%,5.46972,80766,49.70%,9,17,21.92101996,323686,2.99
Westchester County,NY,"967,506",35636,3.683284651,3014,"50,389","108,976",47.1,58.2,71,25.54712839,247170,18.25291006,176598,6.4640426,62540,9.22%,5.20813,50389,49.70%,8,1,22.25412556,215310,2.71
Ashtabula County,OH,"97,241",489,0.502874302,431,"3,376","38,461",43.9,56.5,67.4,4.440513775,4318,5.339311607,5192,0.4874487099,474,17.40%,3.47179,3376,62.40%,12,9,21.2184161,20633,2.51
Athens County,OH,"65,327",292,0.4469821054,156,"2,600","33,274",49.8,58.5,69.6,1.936412203,1265,3.937116353,2572,3.113567132,2034,30.70%,3.97998,2600,62.40%,9,1,14.2636276,9318,2.49
Belmont County,OH,"67,006",578,0.8626093186,165,"4,027","42,429",47.7,56.9,68.7,1.131241978,758,5.304002627,3554,0.4984628242,334,13%,6.00991,4027,62.40%,7,2,18.5655016,12440,2.46
Butler County,OH,"383,134",2230,0.5820417922,790,"20,462","47,408",50.6,60.4,72.6,4.988594069,19113,10.78447749,41319,3.876450537,14852,13.02%,5.34069,20462,62.40%,9,4,23.44741004,89835,2.65
Clermont County,OH,"206,428",671,0.3250528029,160,"9,867","53,770",50.7,60.4,72.3,2.069971128,4273,2.481736974,5123,1.374329064,2837,8.20%,4.77987,9867,62.40%,10,10,22.76193152,46987,2.61
Cuyahoga County,OH,"1,235,072",11015,0.8918508395,7639,"62,545","54,739",45.9,57.8,69.8,6.262226008,77343,32.08395948,396260,3.356727381,41458,18.08%,5.06408,62545,62.40%,11,4,20.60827223,254527,2.27
Franklin County,OH,"1,316,756",14736,1.119113944,5541,"68,904","50,443",48.7,59.4,72.3,5.781101434,76123,26.05721941,343110,5.725054604,75385,16.30%,5.23286,68904,62.40%,9,6,22.6169465,297810,2.47
Canadian County,OK,"148,306",717,0.4834598735,75,"4,661","44,878",57.7,67.9,78.7,9.784499616,14511,4.920906774,7298,3.250711367,4821,7.30%,3.14283,4661,65%,7,9,24.85266948,36858,3.01
Carter County,OK,"48,111",231,0.480139677,212,"2,650","43,079",59.4,69.2,78.6,7.663528091,3687,8.948057617,4305,1.342728274,646,17.70%,5.50810,2650,65%,8,8,23.34393382,11231,2.59
Cherokee County,OK,"48,657",182,0.3740468997,150,"1,642","32,290",58.1,65.7,77.9,7.300080153,3552,2.416918429,1176,0.9680004932,471,21%,3.37464,1642,65%,6,5,20.48215056,9966,2.83
Choctaw County,OK,"14,672",148,1.0087241,34,463,"31,885",60.1,68.9,79,4.764176663,699,12.85441658,1886,0.4770992366,70,23%,3.15567,463,65%,9,2,22.30779716,3273,2.45
Clackamas County,OR,"418,187",1181,0.2824095441,699,"19,288","58,608",47.4,52.8,56.3,9.010084005,37679,2.071083032,8661,4.859787607,20323,8.50%,4.61229,19288,59.20%,10,22,22.09776966,92410,2.59
Clatsop County,OR,"40,224",68,0.1690533015,83,"3,020","45,069",47.9,54,56.5,8.641607001,3476,1.61097852,648,1.628381066,655,11%,7.50796,3020,59.20%,8,3,18.80220764,7563,2.37
Columbia County,OR,"52,354",63,0.1203346449,,"1,480","44,312",49.6,55.5,58.6,5.569774993,2916,1.487947435,779,1.138403942,596,10.20%,2.82691,1480,59.20%,7,4,21.42911716,11219,2.61
Deschutes County,OR,"197,692",387,0.1957590595,304,"11,865","55,143",42.8,48.7,54.2,8.257289116,16324,1.106266313,2187,1.277239342,2525,9.40%,6.00176,11865,59.20%,9,15,19.68162596,38909,2.47
Multnomah County,OR,"812,855",3678,0.4524792245,2987,"44,189","57,850",50.8,56.8,60.3,12.01530408,97667,7.756118865,63046,8.079177713,65672,15.13%,5.43627,44189,59.20%,9,3,18.83964545,153139,2.42
Allegheny County,PA,"1,216,045",6670,0.5484994388,7109,"70,649","62,958",47.3,57.9,69.3,2.265705628,27552,15.00536576,182472,4.203298398,51114,12.14%,5.80974,70649,60.60%,10,7,18.90168538,229853,2.21
Beaver County,PA,"163,929",1046,0.6380811205,320,"6,818","48,763",46.4,57.2,68.1,1.784309061,2925,8.111438489,13297,0.5911095657,969,11.20%,4.15912,6818,60.60%,9,8,19.52552629,32008,2.32
Bucks County,PA,"628,270",6513,1.036656215,1137,"35,239","73,447",48.9,59.5,71.6,5.675903672,35660,5.422350263,34067,5.246311299,32961,6.05%,5.60889,35239,60.60%,8,22,20.91887246,131427,2.6
Clarion County,PA,"38,438",70,0.1821114522,182,"1,609","41,732",44.8,54.6,66.4,1.090067121,419,1.828919299,703,0.686820334,264,15.30%,4.18596,1609,60.60%,7,3,18.13049586,6969,2.37
Delaware County,PA,"566,747",8003,1.412093933,1071,"25,093","66,617",50.8,60.6,73.6,4.10941743,23290,24.17339659,137002,6.257112962,35462,8.80%,4.42755,25093,60.60%,9,0,21.89142598,124069,2.58
Montgomery County,PA,"830,915",9282,1.117081771,7014,"56,721","80,606",50,60.5,72.9,5.435212988,45162,11.3496567,94306,8.097819873,67286,5.90%,6.82633,56721,60.60%,9,9,21.89850947,181958,2.62
Philadelphia County,PA,"1,584,064",24092,1.520898146,7014,"51,033","55,747",51.1,61.1,74.2,15.24086148,241425,45.55169488,721568,7.820264838,123878,24.86%,3.22165,51033,60.60%,8,2,21.00060351,332663,2.57
Bristol County,RI,"48,479",290,0.5981971575,,"1,170","78,805",44.4,57.2,69.3,3.24882939,1575,2.347408156,1138,2.467047588,1196,7.70%,2.41342,1170,45.40%,10,0,19.92821634,9661,2.31
Kent County,RI,"164,292",1351,0.8223163635,359,"11,520","59,665",44,56.6,68.3,5.658218294,9296,3.544299175,5823,2.905801865,4774,7.80%,7.01191,11520,45.40%,7,2,19.41117036,31891,2.36
Newport County,RI,"82,082",365,0.4446772739,129,"4,246","68,679",43.7,56.4,68.5,5.952584001,4886,5.957457177,4890,1.954143418,1604,8.10%,5.17288,4246,45.40%,9,2,17.65307863,14490,2.25
Providence County,RI,"638,931",14033,2.196324799,2700,"25,647","48,137",43.8,56.7,68.3,23.88458222,152606,14.82272734,94707,4.602687927,29408,16.20%,4.01405,25647,45.40%,9,1,20.52490801,131140,2.55
Aiken County,SC,"170,872",1085,0.6349782293,273,"7,393","42,511",63.9,69.9,77.8,5.903249216,10087,26.52160682,45318,1.241865256,2122,15%,4.32663,7393,62%,10,8,21.17081792,36175,2.46
Allendale County,SC,"8,688",132,1.519337017,25,150,"33,237",64.3,70.8,78.1,3.70626151,322,73.41160221,6378,0.8517495396,74,37.30%,1.72652,150,62%,6,1,19.00322284,1651,2.4
Anderson County,SC,"202,558",1519,0.7499086681,721,"9,287","39,710",59.9,59.9,75.2,3.988980934,8080,17.45623476,35359,1.042170638,2111,14.60%,4.58486,9287,62%,9,2,22.35902803,45290,2.52
Bamberg County,SC,"14,066",328,2.331864069,,386,"32,858",63.8,70.4,77.7,2.274989336,320,60.87018342,8562,0.5403099673,76,26.70%,2.74421,386,62%,9,3,19.0885824,2685,2.49
Beadle County,SD,"18,453",574,3.110605322,25,935,"49,246",43.8,55.7,72.4,10.72454343,1979,2.687909825,496,10.08508102,1861,12.90%,5.06693,935,46.40%,8,3,25.78984447,4759,2.28
Bennett County,SD,"3,365",5,0.1485884101,14,140,"29,462",42.6,54.4,70.2,6.18127786,208,1.456166419,49,0.5646359584,19,32.50%,4.16048,140,46.40%,8,1,31.53046062,1061,3.45
Bon Homme County,SD,"6,901",13,0.1883784959,45,172,"38,851",46.3,57,74.4,3.100999855,214,1.782350384,123,0.2608317635,18,15.70%,2.49239,172,46.40%,10,3,19.14215331,1321,2.19
Brookings County,SD,"35,077",107,0.3050431907,49,"1,903","46,302",42,54,71,3.495167774,1226,1.915785272,672,2.828063974,992,11.80%,5.42521,1903,46.40%,8,3,20.59184081,7223,2.39
Bledsoe County,TN,"15,064",643,4.268454594,25,119,"26,281",53.8,62.7,71.6,2.834572491,427,8.370950611,1261,0.2987254381,45,26.70%,0.78996,119,61.70%,9,1,13.90732873,2095,2.77
Blount County,TN,"133,088",663,0.4981666266,459,"6,519","42,991",54.7,62.7,72.4,3.617906949,4815,3.81326641,5075,0.976797307,1300,9.90%,4.89826,6519,61.70%,8,6,19.8004328,26352,2.52
Bradley County,TN,"108,110",1284,1.187679216,251,"5,047","39,099",56.9,65,74.6,6.63028397,7168,6.307464619,6819,1.243178244,1344,14.70%,4.66839,5047,61.70%,7,1,21.05263158,22760,2.55
Campbell County,TN,"39,842",106,0.2660509011,120,"1,441","33,967",52.7,60.8,69.3,1.553636866,619,0.9060790121,361,0.3940565233,157,21.60%,3.61679,1441,61.70%,8,2,19.91365895,7934,2.42
Bexar County,TX,"2,003,554",33555,1.674773927,6223,"94,531","46,058",68.9,77.5,81.5,60.68156885,1215788,9.66502525,193644,3.266495438,65446,16.26%,4.71817,94531,58.20%,9,16,24.0384337,481623,3
Collin County,TX,"1,034,730",5614,0.5425569955,2571,"52,796","65,874",62.2,71.3,80.2,15.52443633,160636,11.8679269,122801,16.29526543,168612,6.56%,5.10239,52796,58.20%,7,21,24.6096083,254643,2.84
Fort Bend County,TX,"811,688",6130,0.75521629,1169,"31,292","57,540",70.7,77.1,81.8,24.94702398,202492,22.31140537,181099,20.92195523,169821,7.90%,3.85518,31292,58.20%,6,12,25.95122757,210643,3.18
Harris County,TX,"4,713,325",58480,1.240737696,15722,"217,049","56,474",70,76.6,81.4,43.72749598,2061019,20.88099166,984189,7.328287356,345406,16.22%,4.60501,217049,58.20%,5,15,24.06678937,1134346,2.88
Tarrant County,TX,"2,102,515",22665,1.077994687,6677,"105,886","51,239",63.4,73,80.5,29.47470054,619710,19.08599939,401286,5.809661287,122149,12.95%,5.03616,105886,58.20%,6,18,24.33238288,511592,2.86
Beaver County,UT,"6,710",18,0.2682563338,72,414,"33,739",46.6,58.2,65.1,12.414307,833,0.9687034277,65,0.8196721311,55,16.22%,6.16990,414,58.50%,5,2,29.86587183,2004,2.8
Box Elder County,UT,"56,046",274,0.4888841309,74,"1,973","37,390",46.2,56.6,62.4,9.690254434,5431,1.008100489,565,0.8385968669,470,7.30%,3.52032,1973,58.50%,5,4,29.88081219,16747,3.04
Cache County,UT,"128,289",1685,1.313440747,168,"6,986","38,974",41.5,51.8,56.8,10.9292301,14021,1.526241533,1958,2.339249663,3001,12.90%,5.44552,6986,58.50%,7,4,28.86295785,37028,3.18
Carbon County,UT,"20,463",24,0.1172848556,39,"1,063","38,499",43.2,55,61,13.41934223,2746,1.197282901,245,0.6548404437,134,14.40%,5.19474,1063,58.50%,8,2,24.55162977,5024,2.54
Fairfax County,VA,"1,147,532",15078,1.313950286,2810,"55,147",,53,61.8,74,16.51500786,189515,11.85256707,136012,20.13756479,231085,6.17%,4.80570,55147,55.50%,8,2,0.5265212648,6042,2.88
Fauquier County,VA,"71,222",545,0.765212996,97,"2,895","70,787",52,60.8,72.4,9.157282862,6522,9.484428969,6755,1.726994468,1230,6.10%,4.06476,2895,55.50%,7,17,22.98727921,16372,2.82
Floyd County,VA,"15,749",26,0.165089847,,384,"38,903",49.2,55.9,65.6,3.009714903,474,2.844625056,448,0.5333671979,84,12.30%,2.43825,384,55.50%,8,2,18.99803162,2992,2.4
Fluvanna County,VA,"27,270",151,0.5537220389,,314,"44,693",55.3,61.6,73.2,3.843050972,1048,16.91602494,4613,0.9424275761,257,6.90%,1.15145,314,55.50%,9,0,19.07224056,5201,2.55
Addison County,VT,"36,777",71,0.1930554423,45,"1,801","51,805",39.7,54,63.9,2.286755309,841,2.042037143,751,1.843543519,678,8.90%,4.89708,1801,70%,5,12,17.63330342,6485,2.31
Bennington County,VT,"35,470",80,0.2255427122,99,"2,600","54,458",39.1,52.5,62.4,2.227234282,790,1.996053003,708,1.124894277,399,11.40%,7.33014,2600,70%,7,2,19.2472512,6827,2.31
Caledonia County,VT,"29,993",25,0.08335278232,75,"1,546","41,246",37,51.2,61.3,1.653719201,496,1.363651519,409,0.9335511619,280,12.50%,5.15454,1546,70%,10,2,19.68792718,5905,2.39
Essex County,VT,,,,,,,,,,,,,,,,,,,,,,,,
Orange County,VT,,,,,,,,,,,,,,,,,,,,,,,,
Chittenden County,VT,"163,774",695,0.4243652839,562,562,"60,914",40.9,55.1,65.9,2.460097451,4029,3.450486646,5651,4.553225787,7457,10.40%,7.43830,12182,70%,7,11,18.47851307,30263,2.33
Benton County,WA,"204,390",2983,1.459464749,438,"10,231","47,465",53.2,60.6,67.1,24.34365673,49756,9.028328196,18453,12.0294535,24587,9.80%,5.00563,10231,62.70%,8,3,26.50472137,54173,2.71
Clark County,WA,"488,241",1271,0.2603222589,814,"18,951","53,423",50.7,57.4,60.7,9.464588185,46210,1.204528092,5881,1.385586217,6765,9.30%,3.88148,18951,62.70%,9,16,23.98508114,117105,2.69
King County,WA,"1,931,249",13627,0.7056055434,5631,"170,848","90,438",46.3,53,55.6,11.52839432,222642,10.20173991,197021,23.02540998,444678,9.55%,8.84650,170848,62.70%,5,16,24.10818077,465589,2.46
Kitsap County,WA,"271,473",423,0.1558166005,419,"11,172","56,244",50.8,57.6,59.9,8.242808677,22377,4.888883977,13272,5.388012804,14627,9.10%,4.11533,11172,62.70%,8,7,20.64993572,56059,2.51
Pierce County,WA,"904,980",4003,0.4423302172,1873,"36,545","52,114",45.5,51.6,54.6,11.38445049,103027,10.86996398,98371,7.056067537,63856,11.16%,4.03821,36545,62.70%,7,14,23.31300139,210978,2.65
Snohomish County,WA,"822,083",4512,0.5488496904,993,"35,999","55,888",44.9,51.6,54.2,10.60318727,87167,5.207503379,42810,12.04817518,99046,8.07%,4.37900,35999,62.70%,8,13,22.79635998,187405,2.68
Door County,WI,,,,,,,,,,,,,,,,,,,,,,,,
La Crosse County,WI,"118,016",685,0.5804297722,656,"8,150","50,107",43.7,56.6,69.2,2.095478579,2473,2.590326735,3057,4.706988883,5555,10.90%,6.90584,8150,59%,5,3,19.97102088,23569,2.38
Lafayette County,WI,"16,665",87,0.5220522052,25,311,"43,042",44.6,55.9,69.8,4.332433243,722,0.8520852085,142,0.5100510051,85,11.30%,1.86619,311,59%,7,1,22.94629463,3824,2.49
Langlade County,WI,"19,189",13,0.0677471468,25,"1,384","43,223",37.1,51.7,63.5,2.121006827,407,1.938610662,372,0.5002866225,96,12.70%,7.21247,1384,59%,8,2,19.18286518,3681,2.2
Lincoln County,WI,"27,593",46,0.1667089479,43,"1,226","45,766",37.6,52.7,64.4,1.688834125,466,1.471387671,406,0.5834813177,161,10.60%,4.44316,1226,59%,9,9,17.64577973,4869,2.16
Monongalia County,WV,"105,612",790,0.7480210582,1552,"6,080","44,679",47.8,57.1,68.2,2.227019657,2352,5.127258266,5415,3.356626141,3545,18.30%,5.75692,6080,70.70%,6,1,16.44794152,17371,2.56
Monroe County,WV,"13,275",18,0.1355932203,,114,"30,359",49.2,57.1,66.7,0.9868173258,131,1.393596987,185,0.1807909605,24,14.90%,0.85876,114,70.70%,7,1,19.23163842,2553,2.33
Barbour County,WV,,,,,,,,,,,,,,,,,,,,,,,,
Morgan County,WV,"17,884",25,0.1397897562,41,434,"34,533",49.2,59.2,70.3,1.660702304,297,1.649519123,295,0.4137776784,74,10.80%,2.42675,434,70.70%,8,1,17.77007381,3178,2.44
Clay County,WV,,,,,,,,,,,,,,,,,,,,,,,,
Nicholas County,WV,"24,496",23,0.09389288047,105,"1,315","34,102",48,57.3,65.9,0.7878837361,193,0.9511757022,233,0.3674069236,90,19%,5.36822,1315,70.70%,6,3,20.44823645,5009,2.4
Albany County,WY,"38,880",74,0.1903292181,99,"1,698","40,444",36.2,49.2,58.9,9.663065844,3757,2.780349794,1081,3.899176955,1516,20.40%,4.36728,1698,71.80%,9,3,15.8281893,6154,2.24
Big Horn County,WY,"11,790",33,0.2798982188,25,259,"36,903",39.2,52.8,62.1,9.202714165,1085,1.187446989,140,0.4664970314,55,13%,2.19678,259,71.80%,10,4,23.29940628,2747,2.59
Campbell County,WY,"46,341",96,0.2071599663,90,"2,423","52,824",39,52.1,65,8.884141473,4117,1.195485639,554,0.8049027859,373,9.20%,5.22863,2423,71.80%,7,7,26.2532099,12166,2.69
Carbon County,WY,"14,800",49,0.3310810811,25,718,"58,372",38,50,58.8,18.52702703,2742,1.743243243,258,1.013513514,150,13.40%,4.85135,718,71.80%,10,7,21.90540541,3242,2.31
Converse County,WY,,,,,,,,,,,,,,,,,,,,,,,,